pages/d00_p001.png 28.41 1 0 0 2125 2921
pages/d00_p031.png 39.91 5 17 104 1995 661 18 680 1995 1241 15 1270 1991 1810 14 1829 1991 2412 15 2331 1992 2881
pages/d00_p062.png 39.12 5 154 0 2102 486 124 486 2100 1011 124 1055 2099 1590 122 1691 2098 2188 121 2252 2097 2882
pages/d01_p001.png 39.42 5 118 220 2024 628 118 611 2024 1112 118 1095 2024 1596 118 1579 2024 2080 118 2063 2024 2607
pages/d01_p003.png 40.08 7 118 126 2024 492 118 450 2024 854 118 835 2024 1217 118 1175 2024 1579 119 1560 2024 1946 118 1918 2024 2305 119 2280 2024 2667
pages/d01_p005.png 40.32 7 118 110 2024 492 118 450 2024 854 118 830 2024 1234 118 1175 2024 1599 119 1560 2024 1959 118 1923 2024 2307 119 2285 2024 2667
pages/d02_p001.png 86.07 4 0 141 3140 2043 0 2014 3140 2887 0 2866 3140 3296 0 3289 3140 3991
pages/d02_p033.png 91.75 5 0 92 2919 994 0 975 3095 1765 0 1821 2914 2561 0 2620 2910 3285 0 3285 3115 4163
pages/d02_p065.png 92.36 5 0 141 2978 972 0 993 2913 1767 0 1777 2927 2526 0 2430 2936 3270 0 3326 2946 4039
pages/d03_p001.png 32.56 5 0 587 1926 988 0 935 1926 1361 0 1380 1926 1765 0 1791 1927 2163 0 2187 1928 2637
pages/d03_p002.png 32.49 6 0 175 1911 541 0 529 1909 912 185 921 1908 1317 183 1321 1907 1733 183 1764 1906 2161 178 2162 1906 2582
pages/d03_p004.png 32.52 6 191 174 1915 558 0 579 1913 953 0 954 1911 1378 0 1354 1910 1767 0 1721 1909 2136 184 2178 1907 2572
pages/d04_p001.png 37.13 4 194 542 2057 973 42 1064 2057 1485 42 1554 2057 2047 42 2134 2057 2556
pages/d04_p005.png 36.72 4 42 86 2057 648 41 805 2057 1407 42 1552 2056 2043 42 2124 2057 2654
pages/d04_p010.png 36.97 4 42 214 2057 672 42 880 2057 1342 42 1515 2057 1996 42 2186 2057 2654
pages/d05_p001.png 38.37 7 78 276 1979 775 0 709 1977 1117 0 1057 1971 1466 2 1387 1970 1782 0 1699 1966 2105 0 2046 1962 2442 0 2361 1955 2750
pages/d05_p002.png 38.85 7 0 227 1951 635 0 569 1950 975 0 890 1954 1340 0 1239 1954 1668 0 1580 1946 2009 0 1951 1944 2368 0 2270 1940 2746
pages/d05_p003.png 37.49 5 59 0 1939 852 0 852 1947 1302 0 1280 1939 1757 0 1771 1941 2234 0 2254 1954 2732
pages/d06_p001.png 22.34 2 0 818 1608 1639 0 1635 1608 2082
pages/d06_p007.png 23.59 4 116 0 1513 794 91 794 1513 1234 92 1168 1517 1683 94 1656 1519 2109
pages/d06_p013.png 23.25 5 107 0 1525 707 88 707 1525 1079 89 1054 1522 1394 88 1408 1524 1782 88 1735 1524 2100
pages/d07_p001.png 40.60 6 148 204 2006 721 49 631 2015 1120 47 1051 2008 1489 0 1501 2010 1959 47 1882 2006 2371 44 2349 2003 2833
pages/d07_p003.png 39.68 6 56 117 2027 531 53 555 2015 986 49 995 2021 1465 15 1403 2010 1915 44 1831 2000 2331 44 2331 1992 2832
pages/d07_p005.png 40.04 6 54 125 2012 580 50 482 2004 1049 49 991 2000 1449 49 1465 2000 1895 46 1900 2000 2357 48 2323 1999 2844
pages/d08_p001.png 51.40 1 0 2014 2508 2744
pages/d08_p021.png 57.27 4 165 121 2356 851 153 779 2358 1609 142 1505 2358 2410 144 2355 2361 3155
pages/d08_p042.png 55.61 4 141 118 2341 922 140 892 2346 1673 136 1642 2363 2426 137 2388 2369 3133
pages/d09_p001.png 37.21 4 547 0 1944 906 361 906 1921 1711 483 1711 1958 2424 711 2424 1910 2910
pages/d09_p017.png 40.95 5 80 161 2103 731 75 762 2097 1219 62 1247 2094 1752 61 1758 2098 2249 60 2285 2106 2836
pages/d09_p033.png 40.08 5 71 120 2082 656 66 666 2086 1157 55 1206 2085 1701 59 1716 2104 2214 61 2240 2104 2749
pages/d10_p001.png 36.80 6 645 0 1493 467 179 467 2026 931 92 928 2026 1320 92 1333 2026 1722 92 1752 2026 2138 92 2142 2026 2543
pages/d10_p002.png 36.94 6 92 262 2026 670 92 651 2026 1055 92 1047 2026 1440 92 1446 2026 1843 92 1837 2026 2216 92 2222 2026 2658
pages/d10_p003.png 37.30 7 92 128 2026 599 92 541 2026 943 92 939 2026 1320 92 1275 2026 1675 93 1587 2026 1968 93 1881 2026 2278 92 2229 2026 2665
pages/d11_p001.png 49.11 3 269 0 2205 817 345 817 2186 1388 550 1388 2007 3261
pages/d11_p036.png 53.45 6 172 0 2305 657 170 657 2297 1115 172 1091 2297 1567 174 1542 2324 2003 177 1975 2312 2434 179 2411 2304 2909
pages/d11_p072.png 53.89 6 199 0 2299 913 182 913 2295 1368 182 1287 2294 1739 179 1648 2292 2128 179 2034 2292 2489 177 2453 2294 2904
pages/d12_p001.png 13.08 6 0 0 1563 251 0 251 1563 690 0 690 1563 1054 0 1054 1563 1224 0 1224 1563 1732 0 1732 1563 2157
pages/d12_p105.png 38.54 6 11 322 1955 743 9 690 1955 1121 6 1053 1955 1474 3 1416 1968 1851 1 1786 1952 2232 0 2142 1945 2629
pages/d12_p209.png 38.86 6 0 215 1945 715 0 617 1947 1066 0 1091 1953 1501 0 1429 1967 1890 3 1892 1957 2317 2 2286 1959 2747
pages/d13_p001.png 53.89 6 218 530 2363 1051 104 974 2366 1477 103 1401 2367 1860 107 1806 2370 2259 108 2190 2370 2661 107 2605 2370 3109
pages/d13_p007.png 53.30 6 109 122 2360 643 108 648 2364 1121 107 1123 2366 1623 107 1615 2367 2128 110 2092 2369 2586 110 2564 2369 3111
pages/d13_p014.png 52.73 6 221 196 2362 754 104 748 2364 1216 107 1210 2366 1674 106 1659 2367 2124 109 2126 2370 2589 111 2571 2370 3107
pages/d14_p001.png 45.53 5 0 0 2241 889 0 889 2241 1433 0 1365 2241 1857 27 1770 2241 2304 27 2219 2241 2746
pages/d14_p005.png 43.93 5 126 189 2250 711 123 707 2250 1214 203 1235 2152 1731 140 1739 2215 2244 203 2141 2215 2786
pages/d14_p010.png 44.65 6 0 148 2102 636 0 591 2062 1078 0 1006 2057 1507 0 1429 2055 1910 0 1830 2054 2330 0 2222 2145 2821
pages/d15_p001.png 32.51 5 643 0 1648 372 640 372 1913 922 638 922 1911 1626 641 1626 1270 2283 636 2283 1909 2820
pages/d15_p094.png 35.80 5 24 773 1968 1158 22 1158 1968 1584 24 1521 1966 1981 22 1946 1965 2385 24 2323 1966 2708
pages/d15_p188.png 36.41 7 25 71 1971 546 22 522 1970 938 22 911 1969 1351 22 1248 1969 1703 22 1631 1969 2059 20 2027 1966 2446 20 2411 1966 2778
pages/d16_p001.png 32.57 4 16 394 2090 720 85 625 2023 1483 92 1482 1999 2075 6 2075 2075 2750
pages/d16_p014.png 37.50 5 20 0 2101 796 16 796 2101 1239 20 1298 2104 1721 18 1759 2108 2213 21 2243 2108 2691
pages/d16_p027.png 37.54 6 39 0 2100 608 26 608 2101 1061 28 972 2101 1462 27 1415 2101 1836 23 1856 2103 2299 21 2282 2101 2692
pages/d17_p001.png 39.98 5 103 0 2247 310 104 310 2245 1025 106 1025 2241 1780 102 1780 2241 2254 102 2254 2241 2960
pages/d17_p005.png 47.11 7 117 92 2250 528 113 484 2249 912 113 911 2244 1387 109 1299 2238 1766 103 1668 2237 2194 96 2119 2225 2656 1045 2656 1918 2982
pages/d17_p009.png 46.73 7 124 74 2253 481 121 475 2248 875 118 869 2246 1288 115 1287 2238 1724 113 1691 2239 2116 106 2109 2229 2529 102 2500 2224 2934
pages/d18_p001.png 29.77 2 2 117 1812 2052 8 2010 1813 2660
pages/d18_p003.png 36.00 6 128 216 1970 563 128 611 1970 979 128 1019 1970 1409 128 1351 1970 1822 128 1728 1970 2245 128 2188 1970 2673
pages/d18_p005.png 34.77 4 128 206 1970 575 128 621 1970 1032 128 945 1970 1436 128 1393 1969 1875
pages/d19_p001.png 37.69 5 76 347 1993 773 76 828 1994 1252 76 1308 1993 1732 76 1787 1993 2214 76 2267 1994 2692
pages/d19_p004.png 37.69 5 76 133 1993 567 76 641 1993 1068 76 1154 1993 1578 76 1640 1993 2089 76 2137 1993 2599
pages/d19_p008.png 37.81 5 76 133 1993 595 76 641 1993 1068 76 1154 1993 1578 76 1660 1993 2091 76 2151 1993 2599
pages/d20_p001.png 33.64 5 730 0 1371 277 263 277 2064 854 49 949 2066 1389 49 1518 2073 1945 49 2078 2081 2512
pages/d20_p004.png 33.01 5 50 50 2076 516 48 588 2074 1034 47 1120 2077 1566 48 1629 2074 2084 45 2136 2079 2601
pages/d20_p007.png 32.85 5 52 80 2071 520 51 587 2074 1074 47 1124 2072 1601 46 1639 2079 2119 48 2159 2085 2634
pages/d21_p001.png 38.75 5 141 0 1977 863 92 863 1977 1356 92 1318 1977 1804 92 1764 1977 2253 92 2223 1977 2729
pages/d21_p003.png 38.26 5 92 237 1977 714 92 760 1977 1257 92 1274 1977 1742 92 1788 1977 2263 92 2285 1977 2730
pages/d21_p005.png 38.27 5 92 243 1977 778 92 784 1977 1272 92 1283 1977 1720 92 1753 1977 2196 92 2243 1977 2728
pages/d22_p001.png 35.65 3 314 23 1838 697 332 697 1406 1513 310 1513 1708 2924
pages/d22_p006.png 39.06 4 94 246 1900 763 147 719 1948 1418 143 1314 1911 1994 141 2013 2030 2669
pages/d22_p011.png 39.37 6 182 283 1899 786 119 700 1878 1153 119 1064 1878 1515 110 1438 1883 1878 105 1845 1878 2275 97 2232 1874 2682
pages/d23_p001.png 40.23 6 97 295 1850 752 100 677 1854 1157 105 1072 1855 1566 180 1566 1857 1983 107 1926 1861 2327 111 2248 1861 2657
pages/d23_p006.png 40.08 6 130 231 2032 639 140 691 2032 1125 125 1018 1895 1519 124 1411 1895 1896 121 1786 1930 2286 124 2175 1918 2655
pages/d23_p011.png 39.93 6 93 224 2032 676 89 575 2032 1023 60 920 1847 1407 86 1336 1844 1824 82 1785 1844 2223 81 2162 1869 2690
pages/d24_p001.png 36.07 5 70 0 2001 739 70 739 2001 1255 70 1255 2001 1681 70 1681 2001 2195 70 2195 2001 2924
pages/d24_p002.png 36.03 5 70 0 2001 534 70 534 2001 1050 70 1050 2001 1556 70 1556 2001 2099 70 2099 2001 2924
pages/d24_p003.png 36.46 5 70 0 2001 511 70 511 2001 1066 70 1066 2001 1583 70 1583 2001 2134 70 2134 2001 2924
pages/d25_p001.png 36.31 5 0 0 2538 775 27 775 2439 1611 180 1611 2411 2140 121 2140 2428 2905 0 2905 2517 3569
pages/d25_p003.png 43.35 5 274 318 2446 950 142 890 2250 1413 278 1434 2250 1934 280 1954 2248 2451 280 2467 2249 2994
pages/d25_p005.png 43.84 5 262 453 2445 1066 264 1109 2243 1642 265 1602 2240 2164 260 2121 2247 2718 260 2603 2236 3124
pages/d26_p001.png 52.43 1 0 0 2630 3172
pages/d26_p006.png 43.67 5 95 284 2124 854 93 877 2125 1374 92 1380 2121 1896 89 1863 2128 2394 86 2395 2120 2931
pages/d26_p011.png 42.99 5 95 184 2122 678 93 672 2123 1174 89 1168 2122 1667 88 1731 2120 2198 77 2194 2118 2847
pages/d27_p001.png 11.59 1 0 0 1563 2171
pages/d27_p003.png 35.49 1 0 0 2066 2924
pages/d27_p006.png 37.91 5 75 217 1979 690 74 725 1978 1176 68 1198 1975 1645 62 1678 1971 2138 55 2168 1967 2658
pages/d28_p001.png 37.24 4 262 361 2047 859 78 929 2035 1434 78 1520 2027 1993 78 2054 2027 2529
pages/d28_p004.png 37.98 5 88 213 2029 690 86 714 2032 1185 87 1200 2043 1636 82 1679 2036 2117 82 2130 2040 2571
pages/d28_p008.png 37.70 5 82 185 2028 624 87 633 2027 1063 85 1085 2033 1553 85 1578 2030 2066 87 2079 2043 2565
pages/d29_p001.png 39.07 6 62 0 1918 872 121 872 1918 1278 120 1214 1918 1626 125 1584 1919 1957 124 1900 1919 2280 122 2242 1919 2654
pages/d29_p011.png 38.32 5 126 211 1987 860 77 837 1983 1427 165 1391 1976 1823 168 1778 1974 2239 170 2197 1973 2673
pages/d29_p022.png 38.84 5 96 302 1893 759 96 787 1900 1273 101 1302 1899 1731 105 1746 1899 2172 110 2183 1910 2656
pages/d30_p001.png 38.49 5 78 0 1996 946 77 946 1997 1397 77 1435 1997 1878 77 1901 1996 2336 77 2366 1996 2857
pages/d30_p006.png 38.30 5 74 63 1996 627 77 671 1996 1153 77 1224 1996 1737 77 1757 1996 2316 77 2324 1996 2857
pages/d30_p011.png 38.72 5 77 63 1996 563 77 685 1996 1132 77 1225 1996 1693 77 1803 1996 2251 77 2363 1996 2857
pages/r00_p011.png 37.59 5 0 0 1953 508 273 508 1631 1169 485 1169 1475 1661 0 1661 1955 2256 0 2256 1951 3000
pages/r00_p017.png 37.08 3 24 0 1967 983 24 983 1918 2133 21 2133 1968 3000
pages/r00_p033.png 39.70 5 23 120 2001 761 26 710 2001 1254 22 1260 1998 1816 21 1834 1998 2449 21 2326 1997 2904
pages/r00_p043.png 39.73 5 33 120 2009 685 36 711 2013 1252 34 1272 2008 1809 32 1841 2007 2448 30 2321 2004 2907
pages/r00_p066.png 38.93 5 137 0 2085 499 110 499 2085 1017 109 1078 2085 1601 108 1704 2083 2197 107 2251 2082 2896
pages/r00_p067.png 39.83 5 0 134 1973 697 0 714 1975 1275 0 1294 1972 1856 0 1872 1971 2473 0 2369 1969 2944
pages/r01_p002.png 40.12 6 118 112 2024 616 118 561 2024 1062 118 1010 2024 1514 118 1459 2024 1966 118 1908 2024 2409 118 2389 2024 2769
pages/r01_p004.png 39.94 6 118 112 2024 512 118 477 2023 882 118 864 2024 1366 118 1348 2024 1850 118 1833 2024 2334 118 2317 2024 2696
pages/r01_p006.png 39.13 6 118 111 2024 496 118 474 2024 854 118 837 2024 1227 118 1175 2024 1579 118 1562 2024 2063 118 2046 2024 2547
pages/r01_p007.png 38.57 6 118 110 2024 492 118 450 2024 854 118 835 2024 1217 118 1175 2024 1588 119 1560 2024 1942 118 1970 2024 2355
pages/r02_p011.png 91.50 4 0 0 3148 1755 0 1755 2983 2518 0 2590 3060 3336 0 3370 3134 4178
pages/r02_p025.png 92.18 5 0 164 2961 911 0 989 2997 1688 0 1697 2947 2474 0 2508 2948 3249 0 3299 2952 4058
pages/r02_p035.png 92.55 5 0 113 2956 975 0 965 2945 1754 0 1750 2944 2563 0 2564 3046 3349 0 3395 3108 4082
pages/r02_p040.png 88.14 5 0 173 3160 946 0 971 3160 1785 0 1611 3160 2568 0 2381 3160 3341 0 3162 3160 4124
pages/r02_p062.png 94.35 4 148 979 3145 1782 149 1791 3145 2490 124 2525 3145 3272 145 3270 3145 4085
pages/r02_p089.png 92.23 5 0 140 3010 1008 0 918 3009 1749 0 1751 2979 2471 0 2518 3001 3240 0 3298 2988 4015
pages/r03_p003.png 32.97 6 0 181 1926 564 0 584 1925 949 0 974 1924 1376 0 1403 1924 1764 0 1766 1925 2158 0 2168 1925 2573
pages/r03_p005.png 32.66 6 198 179 1922 592 197 600 1922 999 0 1006 1926 1404 0 1421 1920 1787 0 1791 1920 2176 0 2192 1920 2559
pages/r04_p002.png 36.40 4 42 181 2057 654 42 881 2057 1332 42 1535 2057 1993 42 2191 2057 2654
pages/r04_p003.png 36.73 4 42 87 2057 655 42 850 2057 1318 42 1540 2057 1993 42 2209 2057 2654
pages/r04_p006.png 37.43 5 42 201 2057 660 42 687 2057 1144 42 1211 2057 1662 42 1707 2057 2179 42 2234 2057 2654
pages/r04_p007.png 37.10 4 42 187 2057 672 42 874 2057 1335 42 1538 2057 2010 42 2234 2057 2654
pages/r04_p008.png 37.27 5 42 187 2057 672 42 705 2057 1166 42 1200 2057 1673 42 1698 2057 2156 42 2233 2057 2654
pages/r04_p012.png 36.47 4 35 87 2057 636 35 783 2057 1257 35 1410 2057 2013 35 2155 2057 2646
pages/r05_p004.png 37.41 5 0 231 1960 697 0 706 1954 1178 0 1206 1958 1659 0 1670 1955 2191 0 2211 1952 2734
pages/r06_p003.png 23.30 4 94 696 1521 1062 91 1067 1519 1409 94 1406 1516 1761 95 1756 1516 2174
pages/r06_p005.png 24.15 5 101 0 1508 684 94 684 1504 1057 97 1043 1509 1398 98 1394 1513 1758 101 1744 1516 2163
pages/r06_p009.png 23.85 5 111 0 1521 685 89 685 1521 1114 91 1044 1517 1419 92 1395 1517 1760 97 1753 1512 2108
pages/r06_p012.png 23.80 5 134 0 1516 709 100 709 1511 1090 100 1062 1508 1428 100 1427 1506 1786 99 1778 1503 2185
pages/r06_p016.png 23.45 5 110 185 1501 547 110 572 1503 933 110 958 1500 1321 110 1341 1497 1703 109 1727 1498 2098
pages/r06_p019.png 24.07 5 120 0 1517 706 77 706 1518 1058 96 1044 1514 1414 94 1410 1514 1755 93 1755 1515 2169
pages/r07_p002.png 40.14 6 39 95 1991 618 40 553 1997 1069 42 996 2004 1491 44 1434 2014 1929 48 1870 2014 2346 48 2340 2007 2825
pages/r07_p004.png 40.30 6 39 123 2003 622 41 540 2003 1060 44 994 2000 1457 45 1467 2000 1894 48 1913 2001 2372 52 2299 2003 2824
pages/r07_p006.png 41.26 6 47 95 2003 583 46 473 2007 1040 46 967 2009 1496 46 1435 2007 1935 44 1864 2040 2360 48 2357 2003 2834
pages/r07_p007.png 40.18 6 48 112 2001 652 47 576 2001 1107 46 1027 2010 1544 45 1487 2004 1968 46 1900 2004 2376 49 2352 2000 2854
pages/r08_p004.png 56.12 4 137 106 2362 885 133 780 2357 1577 131 1504 2359 2405 131 2302 2373 3137
pages/r08_p010.png 56.37 4 134 126 2367 936 136 875 2346 1679 139 1580 2358 2361 144 2296 2368 3129
pages/r08_p018.png 56.99 4 135 120 2356 980 127 930 2352 1711 136 1660 2358 2423 136 2380 2373 3149
pages/r08_p028.png 56.11 5 143 119 2329 917 144 862 2333 1634 147 1624 2340 2049 150 2048 2346 2451 150 2420 2362 3150
pages/r08_p048.png 54.43 4 138 119 2328 916 139 881 2335 1660 141 1629 2348 2376 140 2351 2366 3129
pages/r08_p062.png 55.02 4 130 115 2338 947 130 888 2343 1634 133 1591 2353 2364 136 2291 2369 3131
pages/r09_p003.png 40.38 5 61 224 2082 695 55 707 2080 1279 59 1161 2084 1677 59 1686 2101 2209 60 2205 2103 2794
pages/r09_p010.png 41.46 6 63 97 2095 565 54 504 2093 1004 52 931 2092 1464 50 1395 2097 1914 52 1840 2102 2390 56 2307 2104 2811
pages/r09_p013.png 41.61 6 62 152 2079 681 59 599 2082 1163 57 1081 2087 1548 56 1466 2087 1949 51 1847 2094 2406 52 2299 2104 2853
pages/r09_p023.png 40.37 5 63 115 2079 664 59 662 2080 1221 58 1219 2085 1737 54 1764 2099 2281 61 2303 2109 2763
pages/r09_p035.png 40.80 5 57 149 2073 685 57 747 2072 1197 57 1238 2080 1746 55 1743 2099 2251 57 2219 2106 2786
pages/r09_p042.png 40.28 5 58 160 2080 679 54 726 2087 1171 56 1223 2110 1738 59 1756 2108 2254 66 2268 2108 2847
pages/r11_p006.png 54.19 7 182 134 2305 563 180 520 2302 950 180 901 2300 1338 179 1277 2300 1725 182 1663 2299 2103 180 2031 2299 2497 185 2423 2295 2904
pages/r11_p007.png 53.72 6 185 0 2300 654 177 654 2302 1099 175 1075 2302 1531 175 1535 2302 2014 175 1974 2300 2421 177 2401 2302 2885
pages/r11_p015.png 55.49 7 179 0 2290 599 174 599 2312 1061 175 951 2297 1425 156 1347 2297 1806 177 1700 2307 2175 180 2098 2300 2533 187 2446 2300 2917
pages/r11_p018.png 54.13 7 190 0 2307 586 187 586 2300 1031 157 984 2300 1438 187 1363 2300 1809 180 1748 2302 2182 179 2139 2300 2571 177 2515 2302 2948
pages/r11_p029.png 54.55 7 170 124 2297 581 170 505 2299 992 152 921 2300 1385 170 1286 2307 1755 172 1694 2302 2152 176 2073 2310 2543 179 2449 2306 2917
pages/r11_p079.png 53.55 7 180 115 2300 584 184 520 2300 960 187 896 2299 1353 187 1287 2299 1729 185 1670 2297 2135 184 2043 2297 2498 182 2462 2298 2916
pages/r12_p026.png 38.69 6 0 216 1937 665 0 633 1944 1063 7 1051 1968 1486 0 1465 1957 1848 13 1850 1961 2262 17 2269 1961 2682
pages/r12_p037.png 38.60 6 0 262 1921 725 0 752 1924 1154 0 1140 1940 1553 0 1540 1940 1958 0 1953 1939 2339 3 2353 1945 2727
pages/r12_p083.png 38.39 6 0 0 1933 707 0 707 1936 1174 0 1145 1951 1586 0 1547 1950 1973 0 1930 1944 2367 0 2333 1945 2746
pages/r12_p235.png 37.78 6 0 260 1948 734 0 747 1951 1151 0 1169 1950 1558 0 1604 1950 2013 0 2035 1956 2539 31 2539 1950 2750
pages/r12_p273.png 38.75 6 66 0 1951 674 9 674 1953 1106 11 1056 1969 1449 12 1450 1955 1870 0 1850 1958 2274 11 2250 1959 2743
pages/r12_p311.png 37.87 6 56 193 2021 625 53 600 2018 1053 45 1040 2022 1448 50 1462 2018 1869 48 1887 2018 2337 49 2308 2020 2712
pages/r13_p002.png 55.31 7 105 124 2363 639 107 549 2367 1036 108 970 2370 1457 110 1401 2371 1854 113 1789 2373 2265 114 2209 2374 2663 115 2620 2373 3106
pages/r13_p004.png 54.59 7 106 117 2359 614 107 557 2359 1047 112 977 2365 1444 111 1339 2365 1863 113 1798 2367 2256 116 2196 2369 2665 116 2596 2370 3107
pages/r13_p013.png 57.49 6 108 126 2367 657 108 652 2369 1139 105 1135 2369 1620 105 1613 2369 2100 105 2095 2369 2575 105 2575 2367 3126
pages/r13_p016.png 53.78 7 109 116 2364 618 109 544 2364 1018 107 968 2367 1423 106 1376 2366 1835 107 1789 2367 2244 106 2198 2365 2654 105 2614 2364 3102
pages/r13_p018.png 58.73 7 105 117 2362 609 107 544 2362 996 105 961 2365 1450 108 1373 2365 1854 112 1799 2367 2255 114 2223 2367 2695 115 2619 2368 3107
pages/r13_p019.png 58.52 6 107 117 2367 658 105 666 2370 1140 101 1148 2372 1624 104 1629 2374 2100 106 2107 2375 2581 110 2586 2375 3111
pages/r14_p003.png 44.21 5 213 184 2143 797 24 727 2205 1299 0 1234 2249 1813 210 1731 2224 2275 191 2215 2177 2746
pages/r14_p006.png 44.60 5 0 182 2247 769 0 680 2061 1253 0 1219 2053 1769 0 1694 2051 2252 0 2257 2174 2818
pages/r14_p007.png 46.40 6 0 181 2260 700 66 608 2260 1134 205 1053 2260 1529 0 1438 2260 2008 91 1911 2260 2450 91 2360 2260 2893
pages/r14_p009.png 44.73 7 0 0 2253 157 127 157 2191 689 127 608 2253 1132 61 1054 2253 1533 0 1504 2097 1932 77 1939 2063 2375 151 2292 2071 2836
pages/r14_p011.png 45.94 8 0 0 2262 187 133 187 2262 682 90 604 2262 1120 93 1022 2262 1548 0 1439 2262 1946 155 1872 2262 2365 151 2251 2262 2766 276 2766 2262 3003
pages/r14_p014.png 44.09 6 0 147 2063 705 0 623 2057 1119 0 1034 2051 1549 0 1467 2117 1970 0 1907 2168 2384 0 2300 2168 2798
pages/r15_p013.png 35.77 6 47 171 1980 552 47 567 1982 960 44 1018 1982 1403 46 1423 1984 1830 45 1859 1986 2303 47 2317 1985 2717
pages/r15_p059.png 36.00 6 42 71 1992 528 44 561 1989 935 45 965 1986 1391 39 1429 1983 1859 38 1844 1981 2252 38 2275 1976 2670
pages/r15_p105.png 35.16 6 44 79 1992 598 42 538 1989 968 38 1001 1988 1423 42 1450 1986 1816 42 1875 1985 2235 38 2280 1984 2656
pages/r15_p124.png 35.94 6 27 79 1962 519 26 554 1962 945 29 982 1963 1393 28 1397 1963 1823 29 1850 1962 2238 32 2287 1964 2685
pages/r15_p250.png 35.72 6 56 39 1971 517 21 555 1968 930 21 950 1967 1328 22 1346 1966 1774 26 1778 1971 2204 25 2230 1967 2666
pages/r15_p266.png 37.47 7 21 61 1969 536 21 467 1971 926 21 837 1972 1275 20 1196 1973 1653 22 1596 1974 2037 18 1940 1972 2406 20 2357 1973 2739
pages/r16_p011.png 37.26 5 22 0 2108 825 13 825 2110 1254 10 1299 2107 1718 13 1772 2115 2195 13 2309 2111 2696
pages/r16_p013.png 37.05 6 18 87 2101 481 20 532 2101 907 20 937 2101 1345 22 1387 2101 1804 22 1867 2104 2261 24 2322 2107 2692
pages/r16_p016.png 37.52 6 38 22 2084 509 42 484 2087 947 44 941 2084 1399 45 1342 2083 1823 46 1798 2084 2251 44 2284 2083 2691
pages/r16_p020.png 37.65 6 47 0 2078 583 45 583 2078 1065 48 992 2079 1484 48 1414 2080 1873 48 1801 2081 2261 45 2236 2081 2691
pages/r16_p025.png 37.37 6 40 28 2088 481 39 501 2082 921 42 946 2082 1339 39 1357 2082 1803 37 1805 2082 2264 37 2280 2082 2692
pages/r16_p034.png 37.90 6 43 21 2082 482 46 491 2081 894 46 931 2080 1384 44 1320 2081 1857 44 1786 2078 2273 46 2217 2077 2691
pages/r17_p003.png 45.18 6 115 84 2264 606 114 648 2260 1141 107 1199 2252 1684 101 1715 2244 2207 92 2267 2227 2747 151 2747 1252 2982
pages/r17_p004.png 45.44 6 105 69 2253 569 104 597 2251 1028 101 1046 2236 1484 96 1499 2240 1943 91 1942 2227 2402 89 2398 2218 2907
pages/r17_p006.png 44.50 5 152 0 2258 892 118 892 2258 1336 115 1366 2251 1811 108 1848 2248 2375 121 2375 2242 2982
pages/r17_p008.png 46.58 7 121 67 2253 487 118 469 2250 890 113 833 2246 1301 113 1266 2249 1697 111 1655 2246 2093 106 2091 2244 2511 103 2513 2242 2923
pages/r17_p010.png 43.20 2 0 0 2349 1349 0 1349 2349 2982
pages/r17_p013.png 46.53 7 109 63 2245 499 108 472 2237 905 103 867 2236 1314 100 1277 2233 1703 96 1629 2225 2120 98 2094 2223 2523 101 2465 2217 2914
pages/r18_p002.png 35.76 5 128 355 1970 805 128 895 1970 1243 128 1342 1970 1733 128 1775 1970 2151 128 2230 1970 2690
pages/r18_p004.png 35.80 6 128 216 1970 563 128 621 1970 968 128 1014 1970 1409 128 1375 1970 1822 128 1739 1970 2218 128 2239 1970 2584
pages/r18_p006.png 36.17 1 206 0 1911 2750
pages/r19_p002.png 37.85 5 76 133 1993 557 76 641 1993 1068 76 1143 1993 1578 76 1651 1993 2099 76 2143 1993 2609
pages/r19_p005.png 38.18 5 76 99 1994 557 76 610 1993 1068 76 1122 1993 1578 76 1640 1993 2089 76 2143 1993 2599
pages/r19_p006.png 37.80 5 76 98 1993 558 76 613 1993 1071 76 1155 1993 1579 76 1650 1993 2092 76 2146 1994 2600
pages/r19_p009.png 37.70 5 76 133 1994 557 76 628 1994 1068 76 1154 1994 1578 76 1662 1993 2089 76 2175 1993 2599
pages/r19_p010.png 37.86 5 76 133 1994 557 76 641 1993 1085 76 1154 1993 1595 76 1640 1993 2101 76 2173 1994 2599
pages/r19_p011.png 35.80 2 76 113 1994 591 76 641 1993 1086
pages/r20_p003.png 33.14 5 76 82 2076 530 79 584 2072 1045 79 1106 2074 1568 75 1614 2081 2086 71 2149 2073 2594
pages/r20_p005.png 33.28 5 70 34 2074 498 76 586 2077 1064 76 1071 2076 1575 75 1634 2082 2113 70 2161 2082 2634
pages/r20_p006.png 33.54 5 47 139 2057 583 46 604 2060 1095 48 1110 2061 1615 51 1638 2066 2154 46 2181 2068 2663
pages/r20_p008.png 33.58 5 47 69 2067 582 47 587 2061 1062 49 1106 2057 1579 43 1659 2056 2131 44 2200 2056 2624
pages/r20_p009.png 33.76 5 69 105 2077 536 70 636 2088 1027 71 1142 2077 1571 70 1603 2076 2130 66 2161 2074 2581
pages/r20_p010.png 32.92 5 56 88 2076 497 51 583 2073 1011 50 1113 2072 1528 47 1604 2077 2077 43 2106 2080 2640
pages/r21_p002.png 38.24 5 92 246 1977 745 92 745 1977 1245 92 1244 1977 1737 92 1731 1977 2204 92 2241 1976 2703
pages/r21_p004.png 38.50 5 92 263 1977 748 92 750 1977 1298 92 1217 1977 1716 92 1719 1976 2210 92 2237 1977 2744
pages/r21_p006.png 38.88 6 92 283 1977 740 92 676 1977 1129 92 1061 1977 1528 92 1483 1977 1930 92 1888 1977 2302 92 2243 1977 2734
pages/r22_p003.png 40.27 7 171 246 2030 632 167 536 2030 934 163 853 1932 1253 123 1179 1946 1608 126 1586 2000 1994 147 1933 1966 2343 102 2285 1911 2713
pages/r22_p004.png 40.19 7 166 190 1909 592 162 511 1909 917 159 856 1906 1238 156 1145 1901 1613 152 1547 1897 1971 156 1919 1896 2327 150 2256 1897 2712
pages/r22_p005.png 40.39 6 116 196 1959 656 115 600 1877 1060 116 1019 1882 1433 118 1368 1922 1775 191 1863 1959 2266 118 2236 1959 2619
pages/r22_p008.png 39.81 5 120 158 1903 744 153 662 1948 1206 152 1110 1948 1657 148 1562 1908 2129 152 2061 1953 2686
pages/r22_p010.png 40.04 7 106 151 1897 624 106 545 1907 962 118 868 1907 1243 118 1150 1899 1600 140 1488 1902 1939 125 1883 1897 2306 145 2219 1900 2689
pages/r22_p012.png 39.85 7 110 199 1863 629 110 551 1864 969 107 877 1901 1300 106 1208 1901 1619 109 1525 1861 1934 106 1875 1860 2283 108 2249 1860 2652
pages/r23_p002.png 40.47 7 141 84 2032 574 139 472 1900 864 143 775 1904 1178 147 1093 1904 1500 143 1444 1905 1833 146 1806 1904 2230 139 2181 1903 2618
pages/r23_p003.png 40.22 7 107 188 1932 663 110 586 1861 999 101 923 1869 1381 98 1300 1852 1740 97 1646 1852 2038 94 1960 1852 2358 88 2263 1848 2699
pages/r23_p004.png 39.24 5 138 339 1892 815 122 751 1891 1197 123 1218 1887 1631 115 1677 1887 2106 110 2116 1883 2619
pages/r23_p005.png 39.55 6 110 228 1866 676 109 613 1866 1091 112 1049 1862 1489 112 1467 1864 1857 110 1832 1862 2267 112 2258 1945 2685
pages/r23_p007.png 40.02 5 61 240 2032 752 99 720 1857 1198 91 1114 1861 1695 91 1623 1854 2198 93 2097 1850 2678
pages/r23_p008.png 40.50 5 93 189 1881 752 89 653 1893 1243 78 1178 1882 1784 83 1708 2004 2265 82 2197 1987 2738
pages/r25_p002.png 42.76 4 0 0 2549 1430 250 1430 2230 1938 249 2001 2224 2511 243 2558 2223 3089
pages/r25_p004.png 43.23 5 248 361 2447 892 248 875 2225 1425 248 1390 2225 1926 248 1900 2254 2516 246 2406 2225 2992
pages/r25_p006.png 32.23 1 0 0 2550 3563
pages/r26_p008.png 43.73 5 90 187 2132 734 87 658 2120 1270 85 1267 2117 1817 82 1803 2114 2291 76 2271 2116 2803
pages/r26_p010.png 43.67 5 77 229 2123 740 86 814 2119 1293 83 1231 2121 1831 81 1771 2121 2341 82 2334 2120 2911
pages/r26_p012.png 42.79 5 73 270 2108 845 75 854 2122 1328 78 1379 2127 1877 81 1902 2123 2388 82 2422 2127 2938
pages/r26_p014.png 42.97 5 85 188 2113 745 84 790 2113 1281 86 1325 2118 1819 88 1852 2120 2339 88 2342 2120 2836
pages/r26_p015.png 43.46 5 86 213 2111 722 86 727 2111 1238 86 1169 2113 1718 89 1748 2115 2248 90 2169 2117 2839
pages/r26_p016.png 43.25 5 108 184 2153 761 110 674 2155 1274 114 1184 2157 1810 38 1779 2154 2268 43 2266 2162 2848
pages/r27_p002.png 35.26 3 0 0 2064 503 0 503 2064 1425 0 1425 2064 2921
pages/r27_p004.png 39.03 6 32 0 1982 353 231 353 1986 854 67 856 1981 1278 64 1296 1977 1741 59 1742 1971 2187 57 2173 1977 2606
pages/r27_p005.png 38.17 5 114 206 2030 649 108 687 2023 1137 99 1174 2012 1650 86 1695 2002 2178 75 2178 1989 2924
pages/r27_p007.png 38.35 5 71 221 1983 697 69 730 1983 1190 64 1217 1983 1685 61 1705 1975 2214 57 2184 1983 2699
pages/r27_p008.png 38.51 5 68 248 1973 690 66 742 1973 1209 61 1250 1971 1706 57 1762 1969 2216 50 2239 1969 2681
pages/r28_p002.png 37.88 5 86 212 2028 650 84 682 2043 1110 83 1096 2028 1605 82 1645 2030 2080 85 2084 2032 2544
pages/r28_p003.png 37.54 5 82 211 2026 704 91 709 2033 1164 91 1170 2028 1637 92 1626 2043 2096 89 2103 2028 2565
pages/r28_p005.png 37.61 5 82 212 2042 702 83 711 2039 1160 94 1199 2042 1628 92 1647 2042 2095 97 2096 2043 2555
pages/r28_p006.png 36.92 4 257 231 2047 786 78 894 2033 1370 78 1440 2036 1955 86 2074 2040 2526
pages/r28_p007.png 37.76 5 80 193 2045 641 80 684 2045 1119 84 1164 2041 1598 87 1624 2039 2081 90 2127 2040 2564
pages/r28_p011.png 37.55 5 80 179 2041 631 89 645 2041 1098 89 1132 2045 1626 92 1655 2042 2085 90 2122 2041 2552
pages/r29_p002.png 38.60 6 59 109 1910 596 116 561 1910 955 119 941 1906 1333 117 1314 1990 1727 62 1695 1990 2111 115 2088 1915 2541
pages/r29_p010.png 38.98 4 121 164 1918 821 115 774 1916 1425 93 1319 1979 1956 95 1915 1915 2582
pages/r29_p012.png 38.78 5 100 281 1905 726 100 726 1897 1174 103 1079 1892 1612 101 1621 1894 2108 93 2109 1904 2652
pages/r29_p018.png 38.08 5 132 238 1934 722 109 780 1937 1276 132 1290 1978 1824 132 1896 1958 2479 171 2479 1948 2924
pages/r29_p023.png 39.41 6 98 280 1910 679 88 647 1921 1058 74 981 1908 1406 101 1311 1937 1764 98 1778 1908 2207 95 2205 1985 2675
pages/r29_p028.png 38.27 5 59 192 1989 718 76 779 1927 1256 74 1269 1878 1812 82 1753 1880 2185 62 2150 1882 2612
pages/r30_p004.png 39.58 6 74 70 1996 671 77 567 1996 1047 77 1050 1996 1492 77 1490 1996 1919 77 1943 1996 2392 77 2400 1996 2864
pages/r30_p005.png 39.01 6 74 63 1996 520 77 518 1997 1031 77 955 1997 1471 77 1407 1997 1885 77 1856 1996 2346 77 2353 1996 2857
pages/r30_p009.png 38.55 5 74 63 1996 542 77 667 1996 1112 77 1196 1996 1668 77 1767 1996 2258 77 2327 1996 2864
pages/r30_p012.png 38.95 5 77 70 1997 586 77 665 1996 1118 77 1223 1996 1706 77 1785 1996 2259 77 2282 1996 2790
pages/r30_p014.png 38.50 5 77 63 1996 547 77 647 1996 1114 77 1239 1996 1681 77 1811 1996 2297 77 2354 1996 2857
pages/r30_p016.png 34.21 3 103 0 1952 1103 121 1103 1954 2007 215 2007 1791 2924
