pages/d00_p001.png 27.38 1 0 0 2125 2921
pages/d00_p031.png 38.96 5 17 167 1995 661 18 708 1995 1234 15 1332 1991 1810 14 1888 1991 2410 15 2331 1992 2881
pages/d00_p062.png 38.94 5 154 0 2102 556 124 556 2100 1011 124 1133 2099 1590 122 1717 2098 2188 121 2337 2097 2796
pages/d01_p001.png 39.61 6 568 0 1983 243 118 243 2024 628 118 611 2024 1112 118 1095 2024 1596 118 1579 2024 2080 118 2063 2024 2564
pages/d01_p003.png 39.52 7 118 126 2024 492 118 450 2024 854 118 835 2024 1217 118 1175 2024 1579 119 1560 2024 1946 118 1918 2024 2305 119 2280 2024 2667
pages/d01_p005.png 38.97 7 118 110 2024 492 118 450 2024 854 118 835 2024 1234 118 1175 2024 1596 119 1560 2024 1959 118 1923 2024 2304 119 2285 2024 2667
pages/d02_p001.png 86.26 4 0 249 3140 2043 0 2014 3140 2887 0 2866 3140 3296 0 3289 3140 3991
pages/d02_p033.png 90.47 5 0 173 2919 940 0 1013 3095 1728 0 1831 2914 2522 0 2620 2910 3222 0 3222 3115 4163
pages/d02_p065.png 91.54 5 0 230 2978 930 0 1015 2913 1704 0 1790 2927 2526 0 2438 2936 3238 0 3326 2946 3978
pages/d03_p001.png 32.10 5 0 587 1926 954 0 975 1926 1361 0 1380 1926 1753 0 1791 1927 2163 0 2187 1928 2571
pages/d03_p002.png 31.88 6 0 175 1911 541 0 529 1909 912 185 921 1908 1305 183 1321 1907 1719 183 1764 1906 2148 182 2162 1906 2561
pages/d03_p004.png 32.69 6 191 174 1915 558 0 579 1913 952 0 976 1911 1369 0 1363 1910 1759 0 1750 1909 2136 184 2178 1907 2563
pages/d04_p001.png 36.93 4 194 0 2057 1064 42 1064 2057 1485 42 1560 2057 2036 42 2134 2057 2556
pages/d04_p005.png 36.57 5 42 200 2057 648 41 836 2057 1338 42 1552 2056 1975 439 1975 1960 2136 42 2136 2057 2612
pages/d04_p010.png 36.33 4 42 214 2057 643 42 880 2057 1314 42 1515 2057 1984 42 2186 2057 2654
pages/d05_p001.png 37.73 7 82 0 1979 709 0 709 1977 1117 0 1057 1971 1465 2 1387 1970 1782 0 1714 1966 2105 0 2046 1962 2442 0 2365 1955 2750
pages/d05_p002.png 37.88 7 0 227 1951 635 0 569 1950 971 0 907 1947 1320 0 1243 1954 1664 0 1593 1946 2009 0 1951 1944 2360 0 2270 1940 2731
pages/d05_p003.png 37.58 5 59 0 1939 869 0 869 1947 1302 0 1326 1939 1757 0 1801 1941 2227 0 2279 1954 2732
pages/d06_p001.png 21.63 2 0 820 1608 1639 0 1635 1608 2082
pages/d06_p007.png 22.91 5 116 0 1513 841 91 841 1513 1231 92 1182 1517 1647 94 1670 1519 2068 769 2068 1270 2271
pages/d06_p013.png 22.80 5 107 0 1525 707 88 707 1525 1079 89 1054 1522 1394 88 1408 1524 1775 88 1743 1524 2100
pages/d07_p001.png 38.80 6 148 0 2006 657 49 657 2015 1108 47 1052 2008 1489 0 1501 2010 1959 47 1903 2006 2356 44 2349 2003 2785
pages/d07_p003.png 38.65 6 56 117 2027 531 53 555 2015 972 49 995 2021 1465 15 1409 2010 1904 44 1848 2000 2308 44 2331 1992 2765
pages/d07_p005.png 39.80 6 54 135 2012 563 50 503 2004 1048 49 992 2000 1449 49 1465 2000 1891 46 1900 2000 2342 48 2344 1999 2791
pages/d08_p001.png 50.03 1 0 2026 2508 2718
pages/d08_p021.png 55.68 4 165 152 2356 849 153 779 2358 1609 142 1517 2358 2401 144 2355 2361 3155
pages/d08_p042.png 55.63 4 141 137 2341 922 140 892 2346 1668 136 1644 2363 2426 137 2388 2369 3133
pages/d09_p001.png 38.28 4 547 0 1944 906 361 906 1921 1711 483 1711 1958 2424 711 2424 1910 2910
pages/d09_p017.png 39.62 5 84 237 2103 715 75 762 2097 1219 62 1247 2094 1737 61 1758 2098 2244 60 2285 2106 2751
pages/d09_p033.png 39.63 5 71 187 2082 631 66 674 2086 1151 55 1206 2085 1687 59 1716 2104 2187 61 2240 2104 2706
pages/d10_p001.png 36.34 5 179 0 2026 928 92 928 2026 1320 92 1333 2026 1722 92 1752 2026 2138 92 2142 2026 2543
pages/d10_p002.png 36.47 6 92 262 2026 670 92 651 2026 1055 92 1047 2026 1440 92 1446 2026 1843 92 1837 2026 2216 92 2222 2026 2602
pages/d10_p003.png 37.20 7 92 203 2026 598 92 546 2026 943 92 939 2026 1320 92 1281 2026 1675 93 1587 2026 1955 93 1901 2026 2271 92 2229 2026 2609
pages/d11_p001.png 49.36 3 269 0 2205 817 345 817 2186 1388 550 1388 2007 3261
pages/d11_p036.png 52.02 6 172 0 2305 657 170 657 2297 1115 172 1099 2297 1567 174 1542 2324 2003 177 1975 2312 2434 179 2411 2304 2871
pages/d11_p072.png 54.93 6 199 0 2299 915 182 915 2295 1368 182 1288 2294 1733 179 1649 2292 2108 179 2035 2292 2483 177 2453 2294 2896
pages/d12_p001.png 13.25 6 0 0 1563 251 0 251 1563 690 0 690 1563 1054 0 1054 1563 1224 0 1224 1563 1732 0 1732 1563 2157
pages/d12_p105.png 38.35 6 11 322 1955 737 9 695 1955 1120 6 1062 1955 1474 3 1423 1968 1831 1 1786 1952 2222 0 2157 1945 2629
pages/d12_p209.png 37.76 6 0 253 1945 708 0 617 1947 1066 0 1091 1953 1498 0 1429 1967 1890 3 1892 1957 2314 2 2286 1959 2723
pages/d13_p001.png 52.07 5 104 989 2366 1459 103 1401 2367 1860 107 1806 2370 2259 108 2196 2370 2661 107 2608 2370 3059
pages/d13_p007.png 52.21 6 109 163 2360 643 108 648 2364 1121 107 1123 2366 1605 107 1615 2367 2099 110 2110 2369 2586 110 2571 2369 3043
pages/d13_p014.png 52.21 5 104 748 2364 1216 107 1210 2366 1674 106 1659 2367 2124 109 2126 2370 2589 111 2571 2370 3055
pages/d14_p001.png 43.53 5 0 0 2241 906 0 906 2241 1425 0 1365 2241 1854 27 1787 2241 2302 27 2242 2241 2739
pages/d14_p005.png 42.97 5 126 247 2176 711 202 750 2250 1214 203 1235 2152 1709 140 1739 2215 2224 203 2164 2154 2723
pages/d14_p010.png 43.37 6 0 225 2102 636 0 612 2062 1068 0 1008 2057 1489 0 1429 2055 1897 0 1837 2054 2315 0 2235 2145 2748
pages/d15_p001.png 33.24 5 643 0 1648 372 640 372 1913 922 638 922 1911 1626 641 1626 1270 2283 636 2283 1909 2820
pages/d15_p094.png 35.44 5 24 773 1968 1158 22 1158 1968 1581 24 1521 1966 1978 22 1946 1965 2376 24 2330 1966 2708
pages/d15_p188.png 35.86 7 25 145 1971 542 22 522 1970 934 22 911 1969 1351 22 1262 1969 1702 22 1642 1969 2059 20 2027 1966 2446 20 2411 1966 2778
pages/d16_p001.png 32.44 4 19 408 2090 713 85 625 2023 1483 93 1482 1999 2061 6 2061 2075 2750
pages/d16_p014.png 37.03 5 20 0 2101 835 16 835 2101 1239 20 1298 2104 1721 18 1759 2108 2213 21 2243 2108 2691
pages/d16_p027.png 36.47 6 39 0 2100 608 26 608 2101 1060 28 987 2101 1462 27 1415 2101 1836 23 1856 2103 2298 21 2282 2101 2692
pages/d17_p001.png 39.97 5 103 0 2247 310 104 310 2245 1025 106 1025 2241 1780 102 1780 2241 2254 102 2254 2241 2960
pages/d17_p005.png 45.76 7 117 92 2250 524 113 484 2249 912 113 937 2244 1370 109 1318 2238 1765 103 1668 2237 2176 96 2124 2225 2640 1045 2640 1918 2982
pages/d17_p009.png 45.29 7 124 74 2253 481 121 475 2248 875 118 871 2246 1288 115 1287 2238 1708 113 1708 2239 2116 106 2109 2229 2527 102 2532 2224 2934
pages/d18_p001.png 29.46 2 2 122 1812 2050 8 2014 1813 2660
pages/d18_p003.png 35.79 6 128 216 1970 563 128 611 1970 979 128 1019 1970 1409 128 1375 1970 1822 128 1738 1970 2237 128 2188 1970 2584
pages/d18_p005.png 35.28 4 128 206 1970 575 128 621 1970 1032 128 968 1970 1428 128 1393 1969 1822
pages/d19_p001.png 37.88 5 76 347 1993 773 76 828 1994 1252 76 1308 1993 1732 76 1787 1993 2214 76 2267 1994 2692
pages/d19_p004.png 37.23 5 76 133 1993 563 76 641 1993 1068 76 1154 1993 1578 76 1656 1993 2089 76 2169 1993 2599
pages/d19_p008.png 37.47 5 76 133 1993 563 76 641 1993 1068 76 1154 1993 1578 76 1660 1993 2091 76 2169 1993 2599
pages/d20_p001.png 33.20 4 263 0 2064 949 49 949 2066 1389 49 1518 2073 1945 49 2078 2081 2512
pages/d20_p004.png 32.45 5 50 79 2076 516 48 598 2074 1034 47 1121 2077 1566 48 1645 2074 2084 45 2164 2079 2601
pages/d20_p007.png 32.93 5 52 80 2071 520 51 589 2074 1074 47 1124 2072 1601 46 1639 2079 2119 48 2159 2085 2634
pages/d21_p001.png 38.89 5 141 0 1977 863 92 863 1977 1324 92 1318 1977 1787 92 1780 1977 2248 92 2242 1977 2710
pages/d21_p003.png 38.08 5 92 239 1977 714 92 760 1977 1234 92 1274 1977 1742 92 1788 1977 2262 92 2285 1977 2730
pages/d21_p005.png 38.04 5 92 284 1977 757 92 784 1977 1258 92 1284 1977 1720 92 1760 1977 2196 92 2243 1977 2726
pages/d22_p001.png 36.77 3 314 23 1838 697 332 697 1406 1513 310 1513 1708 2924
pages/d22_p006.png 38.64 5 94 285 1900 763 147 719 1948 1406 143 1354 1911 1992 141 2021 1947 2645 156 2645 2030 2924
pages/d22_p011.png 39.33 6 123 0 1899 707 119 707 1878 1151 119 1071 1878 1515 110 1450 1883 1877 105 1845 1878 2275 97 2232 1874 2672
pages/d23_p001.png 39.07 6 97 306 1850 734 100 711 1854 1139 105 1120 1855 1531 180 1531 1857 1927 107 1927 1861 2327 111 2265 1861 2657
pages/d23_p006.png 38.88 6 130 237 2032 637 199 637 2032 1047 125 1047 1895 1505 124 1411 1895 1880 121 1786 1930 2269 124 2175 1918 2644
pages/d23_p011.png 39.12 6 93 224 2032 669 89 575 2032 1014 60 920 1847 1407 86 1354 1844 1800 82 1790 1844 2223 81 2175 1869 2660
pages/d24_p001.png 36.36 5 70 0 2001 739 70 739 2001 1255 70 1255 2001 1681 70 1681 2001 2195 70 2195 2001 2924
pages/d24_p002.png 36.77 5 70 0 2001 534 70 534 2001 1050 70 1050 2001 1556 70 1556 2001 2099 70 2099 2001 2924
pages/d24_p003.png 36.64 5 70 0 2001 511 70 511 2001 1066 70 1066 2001 1583 70 1583 2001 2134 70 2134 2001 2924
pages/d25_p001.png 36.00 5 0 0 2538 775 27 775 2439 1611 180 1611 2411 2140 121 2140 2428 2905 0 2905 2517 3569
pages/d25_p003.png 42.90 5 274 397 2446 902 142 909 2250 1413 278 1434 2250 1934 280 1954 2248 2451 280 2467 2249 2973
pages/d25_p005.png 46.28 5 262 507 2445 1066 264 1109 2243 1640 265 1602 2240 2135 260 2133 2247 2715 260 2611 2236 3107
pages/d26_p001.png 52.90 1 0 0 2630 3172
pages/d26_p006.png 42.41 5 95 356 2124 854 93 877 2125 1373 92 1383 2121 1877 89 1897 2128 2394 86 2427 2120 2900
pages/d26_p011.png 42.32 5 95 219 2122 662 93 711 2123 1149 89 1175 2122 1648 88 1731 2120 2187 77 2246 2118 2759
pages/d27_p001.png 12.08 1 0 0 1563 2171
pages/d27_p003.png 36.18 1 0 0 2066 2924
pages/d27_p006.png 37.66 5 75 217 1979 690 74 725 1978 1176 68 1198 1975 1645 62 1678 1971 2138 55 2168 1967 2625
pages/d28_p001.png 37.19 4 262 0 2047 947 78 947 2035 1434 78 1520 2027 1993 78 2059 2027 2529
pages/d28_p004.png 37.31 5 88 252 2029 690 86 738 2032 1185 87 1203 2043 1636 82 1679 2036 2117 82 2140 2040 2571
pages/d28_p008.png 37.11 5 82 185 2028 624 87 633 2027 1063 85 1114 2033 1553 85 1604 2030 2045 87 2129 2043 2565
pages/d29_p001.png 39.22 6 62 0 1918 875 121 875 1918 1278 120 1214 1918 1626 125 1584 1919 1957 124 1907 1919 2280 122 2243 1919 2642
pages/d29_p011.png 38.10 5 126 267 1987 860 77 837 1983 1427 165 1391 1976 1823 168 1794 1974 2233 170 2197 1973 2634
pages/d29_p022.png 38.32 5 96 324 1893 759 96 809 1900 1256 101 1302 1899 1731 105 1746 1899 2172 110 2183 1910 2608
pages/d30_p001.png 38.10 5 78 0 1996 949 77 949 1997 1397 77 1435 1997 1878 77 1901 1996 2336 77 2366 1996 2812
pages/d30_p006.png 37.97 6 74 0 1992 115 77 115 1996 584 77 686 1996 1150 77 1252 1996 1716 77 1800 1996 2283 77 2341 1996 2805
pages/d30_p011.png 38.35 5 77 119 1996 563 77 685 1996 1129 77 1237 1996 1689 77 1803 1996 2248 77 2363 1996 2808
pages/r00_p011.png 38.15 5 0 0 1953 508 273 508 1631 1169 485 1169 1475 1661 0 1661 1955 2256 0 2256 1951 3000
pages/r00_p017.png 37.37 3 24 0 1967 983 24 983 1918 2133 21 2133 1968 3000
pages/r00_p033.png 38.85 5 23 187 2001 740 26 728 2001 1254 22 1304 1998 1814 21 1902 1998 2424 21 2326 1997 2904
pages/r00_p043.png 38.88 5 33 200 2009 685 36 714 2013 1242 34 1339 2008 1809 32 1943 2007 2427 30 2330 2004 2907
pages/r00_p066.png 38.80 5 137 0 2085 564 110 564 2085 1017 109 1145 2085 1601 108 1732 2083 2197 107 2346 2082 2806
pages/r00_p067.png 39.08 6 26 0 1971 192 0 192 1973 697 0 724 1975 1271 0 1376 1972 1856 0 1956 1971 2460 0 2375 1969 2944
pages/r01_p002.png 39.74 6 118 112 2024 613 118 561 2024 1062 118 1010 2024 1511 118 1459 2024 1960 118 1908 2024 2409 118 2389 2024 2769
pages/r01_p004.png 39.17 6 118 112 2024 497 118 497 2023 882 118 864 2024 1366 118 1348 2024 1850 118 1833 2024 2334 118 2317 2024 2696
pages/r01_p006.png 38.86 6 118 111 2024 492 118 474 2024 854 118 837 2024 1222 118 1194 2024 1579 118 1562 2024 2063 118 2046 2024 2547
pages/r01_p007.png 38.26 6 118 110 2024 492 118 450 2024 854 118 835 2024 1217 118 1175 2024 1579 119 1560 2024 1942 118 1970 2024 2355
pages/r02_p011.png 90.22 4 0 0 3148 1830 0 1830 2983 2518 0 2648 3060 3318 0 3415 2997 4090
pages/r02_p025.png 91.48 5 0 181 2961 890 0 989 2997 1631 0 1753 2947 2460 0 2508 2948 3223 0 3314 2952 4015
pages/r02_p035.png 92.59 5 0 218 2956 897 0 1016 2945 1700 0 1841 2944 2487 0 2594 3046 3288 0 3395 3108 4013
pages/r02_p040.png 87.30 5 0 173 3160 946 0 971 3160 1785 0 1630 3160 2568 0 2381 3160 3335 0 3164 3160 4124
pages/r02_p062.png 95.45 4 148 1011 3145 1696 149 1791 3145 2457 124 2531 3145 3211 145 3340 2979 3988
pages/r02_p089.png 92.88 5 0 228 3010 1006 0 918 3009 1671 0 1751 2979 2430 0 2518 3001 3196 0 3298 2988 3975
pages/r03_p003.png 32.68 6 0 181 1926 564 0 584 1925 949 0 974 1924 1361 0 1403 1924 1761 0 1784 1925 2158 0 2202 1925 2573
pages/r03_p005.png 31.93 6 198 179 1922 578 197 600 1922 985 0 1006 1926 1404 0 1421 1920 1787 0 1791 1920 2176 0 2192 1920 2559
pages/r04_p002.png 35.92 4 42 181 2057 643 42 881 2057 1304 42 1535 2057 1965 42 2191 2057 2626
pages/r04_p003.png 36.33 4 42 175 2057 644 42 850 2057 1318 42 1540 2057 1993 42 2209 2057 2654
pages/r04_p006.png 37.17 5 42 201 2057 643 42 687 2057 1144 42 1211 2057 1656 42 1707 2057 2163 42 2234 2057 2654
pages/r04_p007.png 36.60 4 42 187 2057 643 42 874 2057 1319 42 1538 2057 1994 42 2234 2057 2654
pages/r04_p008.png 37.00 5 42 187 2057 643 42 705 2057 1150 42 1200 2057 1656 42 1698 2057 2156 42 2233 2057 2654
pages/r04_p012.png 36.45 4 35 175 2057 636 35 809 2057 1257 35 1442 2057 1944 35 2155 2057 2578
pages/r05_p004.png 36.84 5 0 251 1960 697 0 731 1954 1178 0 1206 1958 1654 0 1701 1955 2173 0 2214 1952 2696
pages/r06_p003.png 22.58 4 94 717 1521 1062 91 1067 1519 1409 94 1411 1516 1761 95 1764 1516 2121
pages/r06_p005.png 22.83 5 101 0 1508 688 94 688 1504 1050 97 1043 1509 1398 98 1394 1513 1753 101 1756 1516 2115
pages/r06_p009.png 22.84 5 111 0 1521 690 89 690 1521 1111 91 1044 1517 1406 92 1396 1517 1753 97 1753 1512 2107
pages/r06_p012.png 23.21 5 134 0 1516 720 100 720 1511 1090 100 1073 1508 1428 100 1427 1506 1778 99 1778 1503 2129
pages/r06_p016.png 22.84 5 110 185 1501 547 110 572 1503 933 110 958 1500 1321 110 1341 1497 1703 109 1727 1498 2098
pages/r06_p019.png 23.20 5 120 0 1517 706 77 706 1518 1058 96 1066 1514 1414 94 1410 1514 1755 93 1755 1515 2111
pages/r07_p002.png 39.03 7 39 147 1991 615 40 559 1997 1052 42 996 2004 1490 44 1434 2014 1926 48 1870 2014 2333 48 2345 2007 2770 74 2770 1683 2921
pages/r07_p004.png 38.97 6 39 123 1992 605 41 549 2003 1050 44 994 2000 1457 45 1469 2000 1894 48 1914 2001 2371 52 2315 2003 2778
pages/r07_p006.png 39.47 6 47 127 2003 562 46 490 2007 1039 46 983 2009 1491 46 1435 2007 1932 44 1876 2040 2339 48 2357 2003 2780
pages/r07_p007.png 39.13 6 48 145 2001 632 47 576 2001 1092 46 1036 2010 1543 45 1487 2004 1967 46 1911 2004 2363 49 2367 2000 2819
pages/r08_p004.png 54.81 4 137 106 2362 881 133 788 2357 1577 131 1522 2359 2399 131 2316 2373 3137
pages/r08_p010.png 55.11 4 134 173 2367 934 136 875 2346 1679 139 1580 2358 2359 144 2345 2368 3124
pages/r08_p018.png 56.12 4 135 141 2356 962 127 940 2352 1702 136 1660 2358 2423 136 2380 2373 3149
pages/r08_p028.png 54.67 5 143 147 2329 917 144 869 2333 1633 147 1639 2340 2049 150 2048 2346 2451 150 2420 2362 3150
pages/r08_p048.png 54.37 4 138 136 2328 916 139 899 2335 1660 141 1629 2348 2376 140 2351 2366 3115
pages/r08_p062.png 53.92 4 130 142 2338 947 130 888 2343 1634 133 1597 2353 2358 136 2302 2369 3131
pages/r09_p003.png 40.06 5 61 224 2082 655 55 707 2080 1267 59 1183 2084 1675 59 1703 2101 2209 60 2219 2103 2723
pages/r09_p010.png 40.68 6 63 97 2095 565 54 505 2092 1000 52 932 2092 1455 50 1395 2097 1902 52 1842 2102 2367 56 2307 2104 2805
pages/r09_p013.png 40.67 6 62 170 2079 664 59 604 2082 1156 57 1081 2087 1526 56 1466 2087 1944 51 1868 2094 2389 52 2301 2104 2847
pages/r09_p023.png 39.51 5 63 167 2079 663 59 716 2080 1212 58 1221 2085 1729 54 1764 2099 2267 61 2303 2109 2726
pages/r09_p035.png 39.99 5 57 249 2073 685 57 747 2072 1197 57 1238 2080 1721 55 1743 2099 2251 57 2258 2106 2749
pages/r09_p042.png 39.76 5 58 223 2080 679 54 740 2087 1171 56 1246 2110 1738 59 1765 2108 2254 66 2286 2108 2763
pages/r11_p006.png 52.92 7 182 134 2305 563 180 520 2302 950 180 901 2300 1335 179 1277 2300 1713 182 1663 2299 2097 180 2050 2299 2485 185 2438 2295 2867
pages/r11_p007.png 52.44 6 185 0 2300 654 177 654 2302 1093 175 1082 2302 1531 175 1535 2302 2006 175 1974 2300 2421 177 2401 2302 2845
pages/r11_p015.png 53.74 7 179 0 2290 599 174 599 2312 1047 175 971 2297 1416 156 1347 2297 1790 177 1718 2307 2168 180 2099 2300 2533 187 2466 2300 2903
pages/r11_p018.png 54.11 7 190 0 2307 586 187 586 2300 1031 157 984 2300 1434 187 1369 2300 1795 180 1748 2302 2176 179 2139 2300 2564 177 2515 2302 2948
pages/r11_p029.png 53.83 7 170 134 2297 580 170 505 2299 974 152 921 2300 1372 170 1298 2307 1755 172 1694 2302 2139 176 2074 2310 2524 179 2449 2306 2900
pages/r11_p079.png 52.78 7 180 150 2300 583 184 520 2300 954 187 896 2299 1352 187 1287 2299 1718 185 1670 2297 2134 184 2043 2297 2498 182 2462 2298 2905
pages/r12_p026.png 37.41 6 0 237 1937 655 0 645 1944 1063 7 1067 1968 1483 0 1465 1957 1848 13 1855 1961 2262 17 2269 1961 2678
pages/r12_p037.png 38.25 6 0 301 1921 725 0 752 1924 1148 0 1140 1940 1553 0 1540 1940 1927 0 1983 1939 2339 3 2353 1945 2727
pages/r12_p083.png 37.67 6 0 0 1933 718 0 718 1936 1174 0 1145 1951 1586 0 1547 1950 1973 0 1930 1944 2359 0 2333 1945 2746
pages/r12_p235.png 37.12 6 0 316 1948 734 0 754 1951 1151 0 1177 1950 1558 0 1631 1950 2013 0 2101 1956 2524 31 2524 1954 2750
pages/r12_p273.png 38.10 6 66 0 1951 674 9 674 1953 1096 11 1056 1969 1449 12 1463 1955 1870 0 1850 1958 2274 11 2250 1959 2675
pages/r12_p311.png 37.47 6 56 193 2021 609 53 609 2018 1053 45 1040 2022 1448 50 1462 2018 1869 48 1887 2018 2320 49 2308 2020 2712
pages/r13_p002.png 52.94 7 105 162 2363 630 107 563 2367 1027 108 970 2370 1434 110 1401 2371 1854 113 1799 2373 2257 114 2209 2374 2659 115 2620 2373 3069
pages/r13_p004.png 53.32 7 106 155 2358 614 107 557 2359 1024 112 977 2365 1441 111 1351 2365 1850 113 1798 2367 2256 116 2197 2369 2665 116 2609 2370 3074
pages/r13_p013.png 57.32 6 108 157 2367 657 108 652 2369 1139 105 1135 2369 1620 105 1613 2369 2100 105 2095 2369 2575 105 2575 2367 3055
pages/r13_p016.png 52.60 7 109 135 2364 609 109 547 2364 1012 107 968 2367 1423 106 1376 2366 1835 107 1789 2367 2244 106 2198 2365 2654 105 2614 2364 3070
pages/r13_p018.png 58.71 7 105 162 2362 609 107 548 2362 996 105 961 2365 1433 108 1373 2365 1848 112 1799 2367 2255 114 2223 2367 2693 115 2619 2368 3088
pages/r13_p019.png 58.17 6 107 182 2367 658 105 666 2370 1140 101 1148 2372 1624 104 1629 2374 2100 106 2107 2375 2581 110 2586 2375 3055
pages/r14_p003.png 43.63 5 213 254 2143 797 24 737 2205 1297 0 1237 2249 1813 210 1753 2224 2275 191 2215 2177 2733
pages/r14_p006.png 43.40 5 0 256 2247 755 0 695 2061 1238 0 1240 2053 1760 0 1700 2051 2235 0 2271 2174 2756
pages/r14_p007.png 45.28 6 0 194 2260 699 66 608 2260 1118 205 1058 2260 1519 0 1459 2260 1993 207 1912 2260 2432 91 2360 2260 2799
pages/r14_p009.png 43.54 6 127 199 2191 669 127 609 2253 1114 61 1054 2253 1525 0 1506 2097 1932 77 1939 2063 2373 151 2315 2071 2767
pages/r14_p011.png 44.12 8 0 0 2262 197 133 197 2262 664 90 604 2262 1111 93 1028 2262 1526 0 1456 2262 1939 155 1879 2262 2343 151 2262 2262 2763 276 2763 2262 3003
pages/r14_p014.png 43.46 7 0 203 2060 683 0 623 2057 1112 0 1052 2051 1535 0 1475 2117 1958 0 1907 2168 2384 0 2317 2168 2761 0 2761 2237 3009
pages/r15_p013.png 35.82 6 47 171 1980 552 47 567 1982 960 44 1018 1982 1403 46 1423 1984 1830 45 1893 1986 2303 47 2317 1985 2717
pages/r15_p059.png 35.80 6 42 140 1990 528 44 561 1989 935 45 965 1986 1388 39 1429 1983 1859 38 1844 1981 2252 38 2275 1976 2670
pages/r15_p105.png 34.86 6 44 164 1992 598 42 538 1989 968 38 1001 1988 1423 42 1450 1986 1816 42 1875 1985 2235 38 2280 1984 2656
pages/r15_p124.png 35.61 6 27 137 1962 519 26 554 1962 945 29 982 1963 1393 28 1407 1963 1823 29 1850 1962 2238 32 2287 1964 2685
pages/r15_p250.png 35.46 6 56 0 1971 555 21 555 1968 930 21 950 1967 1328 22 1346 1966 1774 26 1778 1971 2204 25 2230 1967 2649
pages/r15_p266.png 36.07 7 21 107 1969 528 21 467 1971 925 21 837 1972 1275 20 1215 1973 1653 22 1596 1974 2034 18 1945 1972 2401 20 2357 1973 2739
pages/r16_p011.png 37.45 5 22 0 2108 827 13 827 2110 1254 10 1307 2107 1718 13 1783 2115 2195 13 2309 2111 2696
pages/r16_p013.png 36.92 6 18 87 2101 481 20 532 2101 907 20 937 2101 1345 22 1395 2101 1804 22 1867 2104 2261 24 2322 2107 2692
pages/r16_p016.png 37.47 6 38 45 2084 506 42 490 2087 947 44 941 2084 1399 45 1383 2083 1823 46 1804 2084 2251 44 2284 2083 2691
pages/r16_p020.png 36.69 6 47 0 2078 589 45 589 2078 1065 48 995 2079 1470 48 1414 2080 1868 48 1812 2081 2261 45 2238 2081 2666
pages/r16_p025.png 36.64 6 40 61 2082 481 39 501 2082 921 42 946 2082 1339 39 1357 2082 1803 37 1828 2082 2264 37 2280 2082 2692
pages/r16_p034.png 37.57 6 43 44 2082 482 46 491 2081 894 46 931 2080 1384 44 1325 2081 1854 44 1798 2078 2273 46 2217 2077 2691
pages/r17_p003.png 44.57 6 115 156 2264 606 114 682 2260 1140 107 1224 2252 1684 101 1743 2244 2199 92 2280 2227 2747 151 2747 1252 2982
pages/r17_p004.png 45.00 6 105 129 2253 569 104 597 2251 1028 101 1046 2236 1484 96 1499 2240 1943 91 1963 2227 2402 89 2405 2218 2857
pages/r17_p006.png 44.17 5 152 0 2258 892 118 892 2258 1336 115 1366 2251 1811 108 1848 2247 2295 114 2295 2248 2982
pages/r17_p008.png 45.79 7 121 74 2253 487 118 469 2250 884 113 833 2246 1284 113 1266 2249 1684 111 1676 2246 2093 106 2093 2244 2511 103 2513 2242 2923
pages/r17_p010.png 43.65 2 0 0 2349 1349 0 1349 2349 2982
pages/r17_p013.png 45.47 7 109 68 2245 496 108 472 2237 887 103 867 2236 1296 100 1277 2233 1697 96 1638 2225 2108 98 2094 2223 2516 101 2489 2217 2894
pages/r18_p002.png 36.02 6 703 0 1949 402 128 402 1970 805 128 895 1970 1243 128 1342 1970 1733 128 1775 1970 2151 128 2230 1970 2633
pages/r18_p004.png 35.78 6 128 216 1970 563 128 621 1970 968 128 1014 1970 1409 128 1375 1970 1822 128 1739 1970 2218 128 2239 1970 2584
pages/r18_p006.png 35.98 1 206 0 1911 2750
pages/r19_p002.png 37.55 5 76 133 1993 557 76 641 1993 1068 76 1152 1993 1578 76 1656 1993 2095 76 2169 1993 2605
pages/r19_p005.png 37.47 5 76 127 1993 557 76 635 1993 1068 76 1148 1993 1578 76 1656 1993 2089 76 2169 1993 2599
pages/r19_p006.png 37.73 5 76 128 1993 558 76 638 1993 1071 76 1155 1993 1579 76 1657 1993 2092 76 2170 1993 2600
pages/r19_p009.png 37.42 5 76 133 1994 557 76 635 1994 1068 76 1154 1994 1578 76 1662 1993 2089 76 2175 1993 2599
pages/r19_p010.png 37.52 5 76 133 1994 557 76 641 1993 1074 76 1154 1993 1584 76 1656 1993 2095 76 2173 1994 2599
pages/r19_p011.png 35.93 2 76 127 1994 557 76 641 1993 1074
pages/r20_p003.png 33.11 5 76 82 2076 530 79 588 2072 1045 79 1106 2074 1568 75 1621 2081 2086 71 2149 2073 2594
pages/r20_p005.png 33.00 5 70 63 2074 498 76 595 2077 1064 76 1116 2076 1575 75 1644 2082 2113 70 2169 2082 2634
pages/r20_p006.png 32.65 5 47 139 2057 583 46 619 2060 1095 48 1151 2061 1615 51 1681 2066 2151 46 2207 2068 2663
pages/r20_p008.png 32.68 5 47 120 2063 582 47 643 2061 1062 49 1164 2057 1579 43 1683 2056 2131 44 2200 2056 2624
pages/r20_p009.png 32.83 5 69 105 2077 536 70 636 2088 1027 71 1142 2077 1571 70 1643 2076 2111 66 2161 2074 2581
pages/r20_p010.png 32.78 5 56 88 2076 497 51 583 2073 1011 50 1113 2072 1528 47 1619 2077 2077 43 2147 2080 2612
pages/r21_p002.png 38.38 5 92 246 1977 715 92 745 1977 1214 92 1244 1977 1712 92 1735 1977 2204 92 2241 1976 2703
pages/r21_p004.png 38.22 5 92 287 1977 733 92 761 1977 1289 92 1233 1977 1710 92 1736 1976 2182 92 2246 1977 2711
pages/r21_p006.png 38.39 6 92 283 1977 740 92 676 1977 1129 92 1061 1977 1522 92 1483 1977 1927 92 1888 1977 2302 92 2243 1977 2695
pages/r22_p003.png 39.45 7 171 246 2030 621 167 547 2030 924 163 854 1932 1251 123 1189 1946 1594 126 1596 2000 1993 147 1935 1966 2343 139 2286 1911 2679
pages/r22_p004.png 39.01 7 166 219 1909 592 162 511 1909 901 159 860 1906 1238 156 1145 1901 1605 152 1561 1897 1970 156 1919 1896 2327 150 2260 1897 2672
pages/r22_p005.png 39.24 6 116 212 1959 656 115 604 1877 1050 116 1019 1882 1432 118 1379 1922 1774 191 1774 1959 2236 118 2236 1959 2619
pages/r22_p008.png 38.86 5 120 218 1903 738 153 670 1948 1193 152 1113 1948 1656 148 1562 1908 2127 152 2067 1953 2641
pages/r22_p010.png 38.78 7 106 228 1897 622 106 562 1907 962 118 868 1907 1242 118 1155 1899 1598 140 1506 1902 1939 125 1883 1897 2306 145 2228 1900 2654
pages/r22_p012.png 39.34 7 110 216 1863 627 110 551 1864 956 107 882 1901 1300 106 1212 1901 1619 109 1525 1861 1934 106 1875 1860 2283 108 2249 1860 2652
pages/r23_p002.png 39.30 7 141 153 1990 559 139 480 1900 860 143 782 1904 1178 147 1107 1904 1500 143 1454 1905 1833 146 1806 1904 2229 139 2181 1903 2606
pages/r23_p003.png 39.57 7 107 243 1932 651 110 601 1861 999 101 937 1869 1379 98 1313 1852 1739 97 1646 1852 2038 94 1960 1852 2346 88 2264 1848 2684
pages/r23_p004.png 38.14 5 130 0 1968 771 122 771 1891 1197 123 1226 1887 1631 115 1677 1887 2101 110 2137 1883 2573
pages/r23_p005.png 38.85 6 110 251 1866 675 109 613 1866 1082 112 1049 1862 1478 112 1467 1864 1856 110 1844 1862 2267 112 2258 1915 2654
pages/r23_p007.png 39.42 5 61 258 2032 734 99 737 1857 1196 91 1126 1861 1695 91 1623 1854 2183 93 2097 1850 2638
pages/r23_p008.png 39.17 5 93 232 1881 747 89 653 1893 1243 78 1178 1882 1784 83 1708 2004 2264 82 2197 1987 2723
pages/r25_p002.png 45.58 4 0 0 2549 1430 250 1430 2230 1938 249 2001 2224 2511 243 2558 2223 3089
pages/r25_p004.png 42.25 5 248 361 2447 868 248 881 2225 1391 248 1391 2225 1911 248 1910 2254 2514 246 2427 2225 2946
pages/r25_p006.png 32.29 1 0 0 2550 3563
pages/r26_p008.png 42.08 5 90 236 2132 717 87 661 2120 1264 85 1309 2117 1783 82 1803 2114 2264 76 2275 2116 2770
pages/r26_p010.png 41.68 5 77 271 2123 740 86 815 2119 1290 83 1234 2121 1827 81 1771 2121 2321 82 2371 2120 2832
pages/r26_p012.png 42.12 5 73 327 2108 821 75 854 2122 1326 78 1379 2127 1851 81 1902 2123 2371 82 2422 2127 2895
pages/r26_p014.png 41.79 5 85 208 2113 704 84 790 2113 1275 86 1350 2118 1819 88 1852 2120 2322 88 2356 2120 2794
pages/r26_p015.png 41.90 5 86 248 2111 722 86 746 2111 1238 90 1182 2113 1716 89 1763 2115 2246 90 2190 2117 2750
pages/r26_p016.png 41.68 5 108 245 2153 744 110 688 2155 1270 114 1204 2157 1799 38 1791 2154 2268 43 2266 2162 2764
pages/r27_p002.png 36.20 3 0 0 2064 503 0 503 2064 1425 0 1425 2064 2921
pages/r27_p004.png 38.53 5 32 0 1986 856 67 856 1981 1277 64 1296 1977 1729 59 1757 1971 2182 57 2186 1977 2606
pages/r27_p005.png 37.41 5 114 206 2030 649 108 687 2023 1137 99 1174 2012 1638 86 1695 2002 2146 75 2146 1989 2924
pages/r27_p007.png 37.77 5 71 243 1983 697 69 730 1983 1190 64 1217 1983 1685 61 1705 1975 2172 57 2202 1983 2685
pages/r27_p008.png 37.88 5 68 248 1973 690 66 753 1973 1209 61 1250 1971 1695 57 1772 1969 2216 50 2239 1969 2681
pages/r28_p002.png 37.29 5 86 212 2028 650 84 682 2043 1106 83 1143 2028 1605 82 1645 2030 2080 85 2104 2032 2544
pages/r28_p003.png 37.68 5 82 254 2026 704 91 725 2033 1164 91 1191 2028 1637 92 1652 2043 2096 89 2121 2028 2565
pages/r28_p005.png 37.27 5 82 246 2042 695 83 711 2039 1160 94 1199 2042 1628 92 1661 2042 2095 97 2123 2043 2555
pages/r28_p006.png 36.82 4 257 0 2047 894 78 894 2033 1370 78 1462 2036 1955 86 2074 2040 2526
pages/r28_p007.png 37.62 5 80 193 2045 641 80 684 2045 1119 84 1164 2041 1598 87 1638 2039 2081 90 2127 2040 2564
pages/r28_p011.png 36.86 5 80 179 2041 631 89 658 2041 1098 89 1181 2045 1626 92 1655 2042 2085 90 2122 2041 2552
pages/r29_p002.png 37.95 6 110 174 1903 577 116 561 1910 955 119 941 1906 1330 117 1314 1990 1727 62 1695 1990 2111 115 2088 1915 2503
pages/r29_p010.png 38.33 4 121 218 1918 810 115 775 1916 1407 93 1339 1979 1943 95 1915 1915 2536
pages/r29_p012.png 37.78 5 100 288 1905 718 100 738 1897 1174 103 1079 1892 1609 101 1641 1894 2099 93 2129 1904 2582
pages/r29_p018.png 37.66 5 132 238 1934 722 109 780 1937 1276 132 1326 1978 1824 132 1944 1958 2420 171 2420 1948 2924
pages/r29_p023.png 38.55 6 98 291 1910 679 88 648 1921 1048 74 981 1908 1406 101 1311 1937 1759 98 1788 1908 2207 95 2226 1985 2651
pages/r29_p028.png 37.86 5 59 261 1989 716 76 779 1927 1230 74 1286 1878 1805 82 1753 1880 2160 62 2158 1882 2558
pages/r30_p004.png 38.81 6 77 131 1996 650 77 586 1996 1033 77 1050 1996 1473 77 1490 1996 1919 77 1943 1996 2383 77 2400 1996 2829
pages/r30_p005.png 38.28 6 74 86 1996 506 77 518 1996 1017 77 960 1997 1465 77 1409 1997 1873 77 1877 1996 2342 77 2353 1996 2808
pages/r30_p009.png 38.03 5 77 103 1996 542 77 667 1996 1109 77 1222 1996 1668 77 1781 1996 2244 77 2358 1996 2811
pages/r30_p012.png 37.89 5 77 111 1997 567 77 665 1996 1118 77 1223 1996 1687 77 1785 1996 2259 77 2328 1996 2789
pages/r30_p014.png 37.65 5 77 102 1996 547 77 670 1996 1114 77 1239 1996 1681 77 1811 1996 2256 77 2371 1996 2816
pages/r30_p016.png 34.50 3 103 0 1952 1103 121 1103 1954 2007 215 2007 1791 2924
